1 2 0.293222597708317
1 3 0.288546037892583
1 4 0.36685833778505
1 5 0.257970086924226
1 6 0.337913547597716
1 7 0.453171046179623
2 1 0.293222597708317
2 3 0.31361491106666
2 4 0.287180248918046
2 5 0.31844515318031
2 6 0.328894877117327
2 7 0.472279266065602
3 1 0.288546037892583
3 2 0.31361491106666
3 4 0.395213100271283
3 5 0.34452733940088
3 6 0.372463101982777
3 7 0.49955281781589
4 1 0.36685833778505
4 2 0.287180248918046
4 3 0.395213100271283
4 5 0.298109638404533
4 6 0.301015272102332
4 7 0.528318503608437
5 1 0.257970086924226
5 2 0.31844515318031
5 3 0.34452733940088
5 4 0.298109638404533
5 6 0.300040793575424
5 7 0.453334345025838
6 1 0.337913547597716
6 2 0.328894877117327
6 3 0.372463101982777
6 4 0.301015272102332
6 5 0.300040793575424
6 7 0.487133063542308
7 1 0.453171046179623
7 2 0.472279266065602
7 3 0.49955281781589
7 4 0.528318503608437
7 5 0.453334345025838
7 6 0.487133063542308
8 9 0.418646603914281
8 11 0.382447722500978
9 8 0.418646603914281
9 11 0.359546982063876
10 11 0.615029457775832
11 8 0.382447722500978
11 9 0.359546982063876
11 10 0.615029457775832
11 300 0.258159892888801
11 304 0.258159892888801
11 305 0.258159892888801
11 306 0.258159892888801
11 8145 0.304650057500591
12 13 1
12 14 0.487832008572394
12 15 0.710405926387305
12 16 0.31886219087971
12 17 0.69867551690416
12 18 1
12 19 1
12 20 0.443480384931
12 21 0.524200841989345
12 22 1
12 23 0.444010005483441
12 24 1
12 25 1
12 26 0.35408449290894
12 27 1
12 28 0.386527932400822
12 29 0.531833055572324
12 30 1
12 1475 0.35386750477384
12 1480 0.35386750477384
13 12 1
13 14 0.487832008572394
13 15 0.710405926387305
13 16 0.31886219087971
13 17 0.69867551690416
13 18 1
13 19 1
13 20 0.443480384931
13 21 0.524200841989345
13 22 1
13 23 0.444010005483441
13 24 1
13 25 1
13 26 0.35408449290894
13 27 1
13 28 0.386527932400822
13 29 0.531833055572324
13 30 1
13 1475 0.35386750477384
13 1480 0.35386750477384
14 12 0.487832008572394
14 13 0.487832008572394
14 15 0.343413277852653
14 17 0.315620738150184
14 18 0.487832008572394
14 19 0.487832008572394
14 20 0.281739959034905
14 21 0.384914154471333
14 22 0.487832008572394
14 23 0.25783480044916
14 24 0.487832008572394
14 25 0.487832008572394
14 26 0.267808667371842
14 27 0.487832008572394
14 28 0.28804789532903
14 29 0.301602005276822
14 30 0.487832008572394
15 12 0.710405926387305
15 13 0.710405926387305
15 14 0.343413277852653
15 17 0.621641943958656
15 18 0.710405926387305
15 19 0.710405926387305
15 20 0.313294758354137
15 21 0.358509904544406
15 22 0.710405926387305
15 23 0.309162365608909
15 24 0.710405926387305
15 25 0.710405926387305
15 26 0.254078448961331
15 27 0.710405926387305
15 28 0.295837472498654
15 29 0.49177399080363
15 30 0.710405926387305
15 1475 0.310620731566392
15 1480 0.310620731566392
16 12 0.31886219087971
16 13 0.31886219087971
16 18 0.31886219087971
16 19 0.31886219087971
16 20 0.293211684649026
16 21 0.27510196194093
16 22 0.31886219087971
16 24 0.31886219087971
16 25 0.31886219087971
16 27 0.31886219087971
16 30 0.31886219087971
17 12 0.69867551690416
17 13 0.69867551690416
17 14 0.315620738150184
17 15 0.621641943958656
17 18 0.69867551690416
17 19 0.69867551690416
17 20 0.328117546773975
17 21 0.371280555678662
17 22 0.69867551690416
17 23 0.324719805151658
17 24 0.69867551690416
17 25 0.69867551690416
17 27 0.69867551690416
17 28 0.280251637968157
17 29 0.408741115289496
17 30 0.69867551690416
17 1475 0.322060644272749
17 1479 0.264685679901244
17 1480 0.322060644272749
18 12 1
18 13 1
18 14 0.487832008572394
18 15 0.710405926387305
18 16 0.31886219087971
18 17 0.69867551690416
18 19 1
18 20 0.443480384931
18 21 0.524200841989345
18 22 1
18 23 0.444010005483441
18 24 1
18 25 1
18 26 0.35408449290894
18 27 1
18 28 0.386527932400822
18 29 0.531833055572324
18 30 1
18 1475 0.35386750477384
18 1480 0.35386750477384
19 12 1
19 13 1
19 14 0.487832008572394
19 15 0.710405926387305
19 16 0.31886219087971
19 17 0.69867551690416
19 18 1
19 20 0.443480384931
19 21 0.524200841989345
19 22 1
19 23 0.444010005483441
19 24 1
19 25 1
19 26 0.35408449290894
19 27 1
19 28 0.386527932400822
19 29 0.531833055572324
19 30 1
19 1475 0.35386750477384
19 1480 0.35386750477384
20 12 0.443480384931
20 13 0.443480384931
20 14 0.281739959034905
20 15 0.313294758354137
20 16 0.293211684649026
20 17 0.328117546773975
20 18 0.443480384931
20 19 0.443480384931
20 21 0.330439759950964
20 22 0.443480384931
20 23 0.255719790415751
20 24 0.443480384931
20 25 0.443480384931
20 26 0.259283615445974
20 27 0.443480384931
20 28 0.296292306386521
20 29 0.270409315317164
20 30 0.443480384931
21 12 0.524200841989345
21 13 0.524200841989345
21 14 0.384914154471333
21 15 0.358509904544406
21 16 0.27510196194093
21 17 0.371280555678662
21 18 0.524200841989345
21 19 0.524200841989345
21 20 0.330439759950964
21 22 0.524200841989345
21 23 0.322676709800212
21 24 0.524200841989345
21 25 0.524200841989345
21 27 0.524200841989345
21 28 0.315955965211781
21 29 0.289811635908185
21 30 0.524200841989345
22 12 1
22 13 1
22 14 0.487832008572394
22 15 0.710405926387305
22 16 0.31886219087971
22 17 0.69867551690416
22 18 1
22 19 1
22 20 0.443480384931
22 21 0.524200841989345
22 23 0.444010005483441
22 24 1
22 25 1
22 26 0.35408449290894
22 27 1
22 28 0.386527932400822
22 29 0.531833055572324
22 30 1
22 1475 0.35386750477384
22 1480 0.35386750477384
23 12 0.444010005483441
23 13 0.444010005483441
23 14 0.25783480044916
23 15 0.309162365608909
23 17 0.324719805151658
23 18 0.444010005483441
23 19 0.444010005483441
23 20 0.255719790415751
23 21 0.322676709800212
23 22 0.444010005483441
23 24 0.444010005483441
23 25 0.444010005483441
23 27 0.444010005483441
23 28 0.291607075832355
23 29 0.250204108724269
23 30 0.444010005483441
24 12 1
24 13 1
24 14 0.487832008572394
24 15 0.710405926387305
24 16 0.31886219087971
24 17 0.69867551690416
24 18 1
24 19 1
24 20 0.443480384931
24 21 0.524200841989345
24 22 1
24 23 0.444010005483441
24 25 1
24 26 0.35408449290894
24 27 1
24 28 0.386527932400822
24 29 0.531833055572324
24 30 1
24 1475 0.35386750477384
24 1480 0.35386750477384
25 12 1
25 13 1
25 14 0.487832008572394
25 15 0.710405926387305
25 16 0.31886219087971
25 17 0.69867551690416
25 18 1
25 19 1
25 20 0.443480384931
25 21 0.524200841989345
25 22 1
25 23 0.444010005483441
25 24 1
25 26 0.35408449290894
25 27 1
25 28 0.386527932400822
25 29 0.531833055572324
25 30 1
25 1475 0.35386750477384
25 1480 0.35386750477384
26 12 0.35408449290894
26 13 0.35408449290894
26 14 0.267808667371842
26 15 0.254078448961331
26 18 0.35408449290894
26 19 0.35408449290894
26 20 0.259283615445974
26 22 0.35408449290894
26 24 0.35408449290894
26 25 0.35408449290894
26 27 0.35408449290894
26 30 0.35408449290894
27 12 1
27 13 1
27 14 0.487832008572394
27 15 0.710405926387305
27 16 0.31886219087971
27 17 0.69867551690416
27 18 1
27 19 1
27 20 0.443480384931
27 21 0.524200841989345
27 22 1
27 23 0.444010005483441
27 24 1
27 25 1
27 26 0.35408449290894
27 28 0.386527932400822
27 29 0.531833055572324
27 30 1
27 1475 0.35386750477384
27 1480 0.35386750477384
28 12 0.386527932400822
28 13 0.386527932400822
28 14 0.28804789532903
28 15 0.295837472498654
28 17 0.280251637968157
28 18 0.386527932400822
28 19 0.386527932400822
28 20 0.296292306386521
28 21 0.315955965211781
28 22 0.386527932400822
28 23 0.291607075832355
28 24 0.386527932400822
28 25 0.386527932400822
28 27 0.386527932400822
28 30 0.386527932400822
29 12 0.531833055572324
29 13 0.531833055572324
29 14 0.301602005276822
29 15 0.49177399080363
29 17 0.408741115289496
29 18 0.531833055572324
29 19 0.531833055572324
29 20 0.270409315317164
29 21 0.289811635908185
29 22 0.531833055572324
29 23 0.250204108724269
29 24 0.531833055572324
29 25 0.531833055572324
29 27 0.531833055572324
29 30 0.531833055572324
30 12 1
30 13 1
30 14 0.487832008572394
30 15 0.710405926387305
30 16 0.31886219087971
30 17 0.69867551690416
30 18 1
30 19 1
30 20 0.443480384931
30 21 0.524200841989345
30 22 1
30 23 0.444010005483441
30 24 1
30 25 1
30 26 0.35408449290894
30 27 1
30 28 0.386527932400822
30 29 0.531833055572324
30 1475 0.35386750477384
30 1480 0.35386750477384
31 32 1
31 33 1
31 7716 0.260320857247373
31 7717 0.260320857247373
31 7718 0.260320857247373
31 7719 0.260320857247373
32 31 1
32 33 1
32 7716 0.260320857247373
32 7717 0.260320857247373
32 7718 0.260320857247373
32 7719 0.260320857247373
33 31 1
33 32 1
33 7716 0.260320857247373
33 7717 0.260320857247373
33 7718 0.260320857247373
33 7719 0.260320857247373
34 35 0.582393348157013
34 36 0.596906404056372
34 37 0.412533140798008
34 38 0.431256226943323
34 39 1
34 40 0.668484072856904
34 41 1
34 42 0.534836409753746
34 43 0.490911810682049
34 44 0.518787801678018
34 45 0.519872957647119
34 46 0.407866776202148
34 47 0.306653630432915
34 48 1
35 34 0.582393348157013
35 36 0.44720586590153
35 37 0.347512204484532
35 38 0.32280682538336
35 39 0.582393348157013
35 40 0.44929119282194
35 41 0.582393348157013
35 42 0.347953670029825
35 43 0.28258018800426
35 44 0.361381974987481
35 45 0.415896175211759
35 46 0.303588381817051
35 48 0.582393348157013
36 34 0.596906404056372
36 35 0.44720586590153
36 37 0.250135620660737
36 38 0.307320297750273
36 39 0.596906404056372
36 40 0.51081294476075
36 41 0.596906404056372
36 42 0.362364702551433
36 43 0.326027911963594
36 44 0.287842155306918
36 45 0.329321415121576
36 46 0.282501815850895
36 48 0.596906404056372
37 34 0.412533140798008
37 35 0.347512204484532
37 36 0.250135620660737
37 39 0.412533140798008
37 40 0.276684755481176
37 41 0.412533140798008
37 42 0.252774472601291
37 43 0.271575450218765
37 44 0.364505737370228
37 45 0.28979914000672
37 48 0.412533140798008
38 34 0.431256226943323
38 35 0.32280682538336
38 36 0.307320297750273
38 39 0.431256226943323
38 40 0.312964874246641
38 41 0.431256226943323
38 42 0.350723950677704
38 43 0.273237190739901
38 44 0.433438277853082
38 45 0.32142756797967
38 48 0.431256226943323
39 34 1
39 35 0.582393348157013
39 36 0.596906404056372
39 37 0.412533140798008
39 38 0.431256226943323
39 40 0.668484072856904
39 41 1
39 42 0.534836409753746
39 43 0.490911810682049
39 44 0.518787801678018
39 45 0.519872957647119
39 46 0.407866776202148
39 47 0.306653630432915
39 48 1
40 34 0.668484072856904
40 35 0.44929119282194
40 36 0.51081294476075
40 37 0.276684755481176
40 38 0.312964874246641
40 39 0.668484072856904
40 41 0.668484072856904
40 42 0.418986853411892
40 43 0.378461124605521
40 44 0.308364094310113
40 45 0.336952603976485
40 46 0.306428925154026
40 48 0.668484072856904
41 34 1
41 35 0.582393348157013
41 36 0.596906404056372
41 37 0.412533140798008
41 38 0.431256226943323
41 39 1
41 40 0.668484072856904
41 42 0.534836409753746
41 43 0.490911810682049
41 44 0.518787801678018
41 45 0.519872957647119
41 46 0.407866776202148
41 47 0.306653630432915
41 48 1
42 34 0.534836409753746
42 35 0.347953670029825
42 36 0.362364702551433
42 37 0.252774472601291
42 38 0.350723950677704
42 39 0.534836409753746
42 40 0.418986853411892
42 41 0.534836409753746
42 43 0.355446326759686
42 44 0.428519767074545
42 45 0.350749631244299
42 46 0.290732748226107
42 48 0.534836409753746
43 34 0.490911810682049
43 35 0.28258018800426
43 36 0.326027911963594
43 37 0.271575450218765
43 38 0.273237190739901
43 39 0.490911810682049
43 40 0.378461124605521
43 41 0.490911810682049
43 42 0.355446326759686
43 44 0.468015461952291
43 45 0.259775025229337
43 48 0.490911810682049
44 34 0.518787801678018
44 35 0.361381974987481
44 36 0.287842155306918
44 37 0.364505737370228
44 38 0.433438277853082
44 39 0.518787801678018
44 40 0.308364094310113
44 41 0.518787801678018
44 42 0.428519767074545
44 43 0.468015461952291
44 45 0.357477676140167
44 48 0.518787801678018
45 34 0.519872957647119
45 35 0.415896175211759
45 36 0.329321415121576
45 37 0.28979914000672
45 38 0.32142756797967
45 39 0.519872957647119
45 40 0.336952603976485
45 41 0.519872957647119
45 42 0.350749631244299
45 43 0.259775025229337
45 44 0.357477676140167
45 46 0.297150499473735
45 48 0.519872957647119
46 34 0.407866776202148
46 35 0.303588381817051
46 36 0.282501815850895
46 39 0.407866776202148
46 40 0.306428925154026
46 41 0.407866776202148
46 42 0.290732748226107
46 45 0.297150499473735
46 48 0.407866776202148
47 34 0.306653630432915
47 39 0.306653630432915
47 41 0.306653630432915
47 48 0.306653630432915
48 34 1
48 35 0.582393348157013
48 36 0.596906404056372
48 37 0.412533140798008
48 38 0.431256226943323
48 39 1
48 40 0.668484072856904
48 41 1
48 42 0.534836409753746
48 43 0.490911810682049
48 44 0.518787801678018
48 45 0.519872957647119
48 46 0.407866776202148
48 47 0.306653630432915
49 50 0.326548242300658
49 52 0.295267868135762
49 53 0.442975125309758
49 54 0.442975125309758
49 55 0.312212582306664
49 56 0.326282971215141
49 57 0.442975125309758
49 58 0.442975125309758
50 49 0.326548242300658
50 51 0.292304631579967
50 52 0.415123469728879
50 53 0.5632319265921
50 54 0.5632319265921
50 55 0.404858254275581
50 56 0.369880466807847
50 57 0.5632319265921
50 58 0.5632319265921
51 50 0.292304631579967
51 53 0.456659656290417
51 54 0.456659656290417
51 55 0.29170131605252
51 57 0.456659656290417
51 58 0.456659656290417
52 49 0.295267868135762
52 50 0.415123469728879
52 53 0.546830958895647
52 54 0.546830958895647
52 55 0.427433613761165
52 56 0.312263007878967
52 57 0.546830958895647
52 58 0.546830958895647
53 49 0.442975125309758
53 50 0.5632319265921
53 51 0.456659656290417
53 52 0.546830958895647
53 54 1
53 55 0.602369968103901
53 56 0.448652106532903
53 57 1
53 58 1
54 49 0.442975125309758
54 50 0.5632319265921
54 51 0.456659656290417
54 52 0.546830958895647
54 53 1
54 55 0.602369968103901
54 56 0.448652106532903
54 57 1
54 58 1
55 49 0.312212582306664
55 50 0.404858254275581
55 51 0.29170131605252
55 52 0.427433613761165
55 53 0.602369968103901
55 54 0.602369968103901
55 56 0.4013535545589
55 57 0.602369968103901
55 58 0.602369968103901
56 49 0.326282971215141
56 50 0.369880466807847
56 52 0.312263007878967
56 53 0.448652106532903
56 54 0.448652106532903
56 55 0.4013535545589
56 57 0.448652106532903
56 58 0.448652106532903
57 49 0.442975125309758
57 50 0.5632319265921
57 51 0.456659656290417
57 52 0.546830958895647
57 53 1
57 54 1
57 55 0.602369968103901
57 56 0.448652106532903
57 58 1
58 49 0.442975125309758
58 50 0.5632319265921
58 51 0.456659656290417
58 52 0.546830958895647
58 53 1
58 54 1
58 55 0.602369968103901
58 56 0.448652106532903
58 57 1
59 60 0.46414926596402
59 61 0.331457171283572
59 62 0.46414926596402
59 63 0.376558303474959
59 64 0.385809732596279
59 65 0.359179283202847
59 66 0.307246566747887
59 67 0.401297243980772
59 68 0.279062604759
59 69 0.35091540200986
59 70 0.290910970180008
59 71 0.46414926596402
59 8755 0.360444628739524
59 8756 0.375113552921003
59 8757 0.273895142553842
59 8758 0.375113552921003
59 8760 0.375113552921003
60 59 0.46414926596402
60 61 0.661332068413005
60 62 1
60 63 0.550387626376827
60 64 0.429938536983493
60 65 0.547929190961379
60 66 0.548017434435799
60 67 0.384308878325892
60 68 0.522035800641342
60 69 0.573404578930436
60 70 0.526228640115965
60 71 1
60 4062 0.266507691307524
60 4063 0.266507691307524
60 4064 0.266507691307524
60 4065 0.266507691307524
60 4066 0.266507691307524
60 4067 0.266507691307524
60 4068 0.266507691307524
60 4069 0.266507691307524
60 4070 0.266507691307524
60 4191 0.272720313294417
60 4192 0.272720313294417
60 4193 0.272720313294417
60 4196 0.272720313294417
60 4198 0.272720313294417
60 4202 0.272720313294417
60 4203 0.272720313294417
60 6984 0.251695575223784
60 6985 0.345508210751891
60 6986 0.345508210751891
60 6987 0.286162708201596
60 6988 0.345508210751891
60 6989 0.384078599816083
60 6991 0.257133649274225
60 6993 0.250215381044005
60 6994 0.345508210751891
60 6995 0.298544153574766
60 6996 0.345508210751891
60 7227 0.276256420762056
60 7228 0.276256420762056
60 7229 0.276256420762056
60 8755 0.346086077755853
60 8756 0.624006503958162
60 8757 0.310588726758007
60 8758 0.624006503958162
60 8759 0.279110229598368
60 8760 0.624006503958162
61 59 0.331457171283572
61 60 0.661332068413005
61 62 0.661332068413005
61 63 0.41130955080975
61 64 0.353647865167787
61 65 0.415806927296741
61 66 0.386755112975798
61 67 0.29423093588569
61 68 0.407313007025817
61 69 0.443918394841411
61 70 0.414205011953447
61 71 0.661332068413005
61 6985 0.288232729935994
61 6986 0.288232729935994
61 6988 0.288232729935994
61 6989 0.316043454499573
61 6994 0.288232729935994
61 6996 0.288232729935994
61 8755 0.303090783121487
61 8756 0.516980022798076
61 8757 0.264614470632757
61 8758 0.516980022798076
61 8759 0.292699858848037
61 8760 0.516980022798076
62 59 0.46414926596402
62 60 1
62 61 0.661332068413005
62 63 0.550387626376827
62 64 0.429938536983493
62 65 0.547929190961379
62 66 0.548017434435799
62 67 0.384308878325892
62 68 0.522035800641342
62 69 0.573404578930436
62 70 0.526228640115965
62 71 1
62 4062 0.266507691307524
62 4063 0.266507691307524
62 4064 0.266507691307524
62 4065 0.266507691307524
62 4066 0.266507691307524
62 4067 0.266507691307524
62 4068 0.266507691307524
62 4069 0.266507691307524
62 4070 0.266507691307524
62 4191 0.272720313294417
62 4192 0.272720313294417
62 4193 0.272720313294417
62 4196 0.272720313294417
62 4198 0.272720313294417
62 4202 0.272720313294417
62 4203 0.272720313294417
62 6984 0.251695575223784
62 6985 0.345508210751891
62 6986 0.345508210751891
62 6987 0.286162708201596
62 6988 0.345508210751891
62 6989 0.384078599816083
62 6991 0.257133649274225
62 6993 0.250215381044005
62 6994 0.345508210751891
62 6995 0.298544153574766
62 6996 0.345508210751891
62 7227 0.276256420762056
62 7228 0.276256420762056
62 7229 0.276256420762056
62 8755 0.346086077755853
62 8756 0.624006503958162
62 8757 0.310588726758007
62 8758 0.624006503958162
62 8759 0.279110229598368
62 8760 0.624006503958162
63 59 0.376558303474959
63 60 0.550387626376827
63 61 0.41130955080975
63 62 0.550387626376827
63 64 0.402444969371689
63 65 0.424775981739606
63 66 0.338703041506694
63 67 0.365623673419571
63 68 0.350257944805694
63 69 0.413753181085525
63 70 0.351026627301053
63 71 0.550387626376827
63 6989 0.250975815828551
63 8755 0.316873789010201
63 8756 0.417760668171044
63 8757 0.269295088604891
63 8758 0.417760668171044
63 8760 0.417760668171044
64 59 0.385809732596279
64 60 0.429938536983493
64 61 0.353647865167787
64 62 0.429938536983493
64 63 0.402444969371689
64 65 0.360959129814535
64 66 0.300724457669704
64 67 0.283432718962704
64 68 0.290247443782097
64 69 0.27505359475055
64 70 0.263357824256783
64 71 0.429938536983493
64 8756 0.310657992495698
64 8758 0.310657992495698
64 8760 0.310657992495698
65 59 0.359179283202847
65 60 0.547929190961379
65 61 0.415806927296741
65 62 0.547929190961379
65 63 0.424775981739606
65 64 0.360959129814535
65 66 0.360171881728225
65 67 0.273636210095382
65 68 0.342406503067823
65 69 0.376395292365238
65 70 0.378675045877589
65 71 0.547929190961379
65 6989 0.26870403276207
65 8755 0.254832293352625
65 8756 0.387824847091492
65 8757 0.302220122136915
65 8758 0.387824847091492
65 8760 0.387824847091492
66 59 0.307246566747887
66 60 0.548017434435799
66 61 0.386755112975798
66 62 0.548017434435799
66 63 0.338703041506694
66 64 0.300724457669704
66 65 0.360171881728225
66 67 0.298222680533215
66 68 0.31074799114924
66 69 0.408581030311869
66 70 0.349430517162327
66 71 0.548017434435799
66 6989 0.260027714306868
66 8756 0.376226246605994
66 8758 0.376226246605994
66 8760 0.376226246605994
67 59 0.401297243980772
67 60 0.384308878325892
67 61 0.29423093588569
67 62 0.384308878325892
67 63 0.365623673419571
67 64 0.283432718962704
67 65 0.273636210095382
67 66 0.298222680533215
67 68 0.289505944583304
67 69 0.327217419146266
67 70 0.252929807086978
67 71 0.384308878325892
67 8755 0.26229376743458
67 8756 0.284019056470963
67 8758 0.284019056470963
67 8760 0.284019056470963
68 59 0.279062604759
68 60 0.522035800641342
68 61 0.407313007025817
68 62 0.522035800641342
68 63 0.350257944805694
68 64 0.290247443782097
68 65 0.342406503067823
68 66 0.31074799114924
68 67 0.289505944583304
68 69 0.34007233570543
68 70 0.376070915336561
68 71 0.522035800641342
68 6985 0.263339370478408
68 6986 0.263339370478408
68 6988 0.263339370478408
68 6989 0.286638732228238
68 6994 0.263339370478408
68 6996 0.263339370478408
68 8756 0.419033023494736
68 8758 0.419033023494736
68 8760 0.419033023494736
69 59 0.35091540200986
69 60 0.573404578930436
69 61 0.443918394841411
69 62 0.573404578930436
69 63 0.413753181085525
69 64 0.27505359475055
69 65 0.376395292365238
69 66 0.408581030311869
69 67 0.327217419146266
69 68 0.34007233570543
69 70 0.356762260945945
69 71 0.573404578930436
69 8755 0.295897162340328
69 8756 0.39011934810321
69 8758 0.39011934810321
69 8760 0.39011934810321
70 59 0.290910970180008
70 60 0.526228640115965
70 61 0.414205011953447
70 62 0.526228640115965
70 63 0.351026627301053
70 64 0.263357824256783
70 65 0.378675045877589
70 66 0.349430517162327
70 67 0.252929807086978
70 68 0.376070915336561
70 69 0.356762260945945
70 71 0.526228640115965
70 6985 0.260180642795531
70 6986 0.260180642795531
70 6988 0.260180642795531
70 6989 0.266916458493052
70 6994 0.260180642795531
70 6996 0.260180642795531
70 8755 0.253712371934409
70 8756 0.466776039583825
70 8757 0.295251664291228
70 8758 0.466776039583825
70 8760 0.466776039583825
71 59 0.46414926596402
71 60 1
71 61 0.661332068413005
71 62 1
71 63 0.550387626376827
71 64 0.429938536983493
71 65 0.547929190961379
71 66 0.548017434435799
71 67 0.384308878325892
71 68 0.522035800641342
71 69 0.573404578930436
71 70 0.526228640115965
71 4062 0.266507691307524
71 4063 0.266507691307524
71 4064 0.266507691307524
71 4065 0.266507691307524
71 4066 0.266507691307524
71 4067 0.266507691307524
71 4068 0.266507691307524
71 4069 0.266507691307524
71 4070 0.266507691307524
71 4191 0.272720313294417
71 4192 0.272720313294417
71 4193 0.272720313294417
71 4196 0.272720313294417
71 4198 0.272720313294417
71 4202 0.272720313294417
71 4203 0.272720313294417
71 6984 0.251695575223784
71 6985 0.345508210751891
71 6986 0.345508210751891
71 6987 0.286162708201596
71 6988 0.345508210751891
71 6989 0.384078599816083
71 6991 0.257133649274225
71 6993 0.250215381044005
71 6994 0.345508210751891
71 6995 0.298544153574766
71 6996 0.345508210751891
71 7227 0.276256420762056
71 7228 0.276256420762056
71 7229 0.276256420762056
71 8755 0.346086077755853
71 8756 0.624006503958162
71 8757 0.310588726758007
71 8758 0.624006503958162
71 8759 0.279110229598368
71 8760 0.624006503958162
72 73 0.254890307556567
72 75 0.437431839588133
72 76 0.437431839588133
73 72 0.254890307556567
73 75 0.371553936600378
73 76 0.371553936600378
74 75 0.332945608885535
74 76 0.332945608885535
75 72 0.437431839588133
75 73 0.371553936600378
75 74 0.332945608885535
75 76 1
75 1475 0.261582466933131
75 1480 0.261582466933131
75 2283 0.271255364569496
75 2286 0.280699553718056
75 2289 0.280699553718056
75 2291 0.280699553718056
75 2294 0.280699553718056
75 2295 0.2503559738451
75 2297 0.280699553718056
75 2299 0.280699553718056
75 5438 0.308292864093426
75 5439 0.308292864093426
75 5440 0.263173754505903
75 5441 0.308292864093426
75 5442 0.308292864093426
75 5443 0.308292864093426
76 72 0.437431839588133
76 73 0.371553936600378
76 74 0.332945608885535
76 75 1
76 1475 0.261582466933131
76 1480 0.261582466933131
76 2283 0.271255364569496
76 2286 0.280699553718056
76 2289 0.280699553718056
76 2291 0.280699553718056
76 2294 0.280699553718056
76 2295 0.2503559738451
76 2297 0.280699553718056
76 2299 0.280699553718056
76 5438 0.308292864093426
76 5439 0.308292864093426
76 5440 0.263173754505903
76 5441 0.308292864093426
76 5442 0.308292864093426
76 5443 0.308292864093426
77 79 0.329053742275176
77 80 0.452008272100666
77 81 0.305272372694114
77 83 0.452008272100666
78 80 0.299794566635268
78 82 0.259798367927444
78 83 0.299794566635268
79 77 0.329053742275176
79 80 0.515649029030218
79 81 0.273333982449555
79 82 0.337373668087004
79 83 0.515649029030218
80 77 0.452008272100666
80 78 0.299794566635268
80 79 0.515649029030218
80 81 0.419396538452419
80 82 0.403352079540795
80 83 1
80 5062 0.282541002926917
80 5067 0.282541002926917
80 5068 0.282541002926917
81 77 0.305272372694114
81 79 0.273333982449555
81 80 0.419396538452419
81 82 0.281550338962722
81 83 0.419396538452419
82 78 0.259798367927444
82 79 0.337373668087004
82 80 0.403352079540795
82 81 0.281550338962722
82 83 0.403352079540795
83 77 0.452008272100666
83 78 0.299794566635268
83 79 0.515649029030218
83 80 1
83 81 0.419396538452419
83 82 0.403352079540795
83 5062 0.282541002926917
83 5067 0.282541002926917
83 5068 0.282541002926917
84 85 1
84 86 0.336675257098403
84 87 0.440973326056393
84 88 0.589343293538892
84 89 1
84 90 0.441535130127886
84 91 1
85 84 1
85 86 0.336675257098403
85 87 0.440973326056393
85 88 0.589343293538892
85 89 1
85 90 0.441535130127886
85 91 1
86 84 0.336675257098403
86 85 0.336675257098403
86 87 0.331608295526276
86 88 0.258184880729055
86 89 0.336675257098403
86 91 0.336675257098403
87 84 0.440973326056393
87 85 0.440973326056393
87 86 0.331608295526276
87 88 0.29241806163318
87 89 0.440973326056393
87 91 0.440973326056393
88 84 0.589343293538892
88 85 0.589343293538892
88 86 0.258184880729055
88 87 0.29241806163318
88 89 0.589343293538893
88 90 0.309622855751928
88 91 0.589343293538893
89 84 1
89 85 1
89 86 0.336675257098403
89 87 0.440973326056393
89 88 0.589343293538893
89 90 0.441535130127886
89 91 1
90 84 0.441535130127886
90 85 0.441535130127886
90 88 0.309622855751928
90 89 0.441535130127886
90 91 0.441535130127886
91 84 1
91 85 1
91 86 0.336675257098403
91 87 0.440973326056393
91 88 0.589343293538893
91 89 1
91 90 0.441535130127886
92 94 0.378474829776539
92 95 0.378474829776539
92 96 0.378474829776539
92 98 0.378474829776539
92 99 0.299748964708577
92 101 0.378474829776539
92 103 0.316105741854334
92 104 0.251884350491295
92 105 0.378474829776539
93 94 0.547782027667375
93 95 0.547782027667375
93 96 0.547782027667375
93 97 0.301056900849187
93 98 0.547782027667375
93 99 0.35825259376181
93 100 0.270476035888265
93 101 0.547782027667375
93 102 0.293267364117088
93 103 0.292045739712918
93 104 0.365047376100314
93 105 0.547782027667375
94 92 0.378474829776539
94 93 0.547782027667375
94 95 1
94 96 1
94 97 0.396524396527573
94 98 1
94 99 0.429644589812589
94 100 0.355186882817307
94 101 1
94 102 0.39863211111021
94 103 0.451876839974534
94 104 0.495420063923542
94 105 1
95 92 0.378474829776539
95 93 0.547782027667375
95 94 1
95 96 1
95 97 0.396524396527573
95 98 1
95 99 0.429644589812589
95 100 0.355186882817307
95 101 1
95 102 0.39863211111021
95 103 0.451876839974534
95 104 0.495420063923542
95 105 1
96 92 0.378474829776539
96 93 0.547782027667375
96 94 1
96 95 1
96 97 0.396524396527573
96 98 1
96 99 0.429644589812589
96 100 0.355186882817307
96 101 1
96 102 0.39863211111021
96 103 0.451876839974534
96 104 0.495420063923542
96 105 1
97 93 0.301056900849187
97 94 0.396524396527573
97 95 0.396524396527573
97 96 0.396524396527573
97 98 0.396524396527573
97 99 0.297249864446259
97 101 0.396524396527573
97 103 0.292797040443465
97 104 0.256147987231495
97 105 0.396524396527573
98 92 0.378474829776539
98 93 0.547782027667375
98 94 1
98 95 1
98 96 1
98 97 0.396524396527573
98 99 0.429644589812589
98 100 0.355186882817307
98 101 1
98 102 0.39863211111021
98 103 0.451876839974534
98 104 0.495420063923542
98 105 1
99 92 0.299748964708577
99 93 0.35825259376181
99 94 0.429644589812589
99 95 0.429644589812589
99 96 0.429644589812589
99 97 0.297249864446259
99 98 0.429644589812589
99 101 0.429644589812589
99 102 0.258886268367928
99 103 0.301167651116099
99 104 0.318779642894385
99 105 0.429644589812589
100 93 0.270476035888265
100 94 0.355186882817307
100 95 0.355186882817307
100 96 0.355186882817307
100 98 0.355186882817307
100 101 0.355186882817307
100 103 0.259235306721113
100 105 0.355186882817307
101 92 0.378474829776539
101 93 0.547782027667375
101 94 1
101 95 1
101 96 1
101 97 0.396524396527573
101 98 1
101 99 0.429644589812589
101 100 0.355186882817307
101 102 0.39863211111021
101 103 0.451876839974534
101 104 0.495420063923542
101 105 1
102 93 0.293267364117088
102 94 0.39863211111021
102 95 0.39863211111021
102 96 0.39863211111021
102 98 0.39863211111021
102 99 0.258886268367928
102 101 0.39863211111021
102 103 0.300797986199642
102 104 0.348467662364145
102 105 0.39863211111021
103 92 0.316105741854334
103 93 0.292045739712918
103 94 0.451876839974534
103 95 0.451876839974534
103 96 0.451876839974534
103 97 0.292797040443465
103 98 0.451876839974534
103 99 0.301167651116099
103 100 0.259235306721113
103 101 0.451876839974534
103 102 0.300797986199642
103 104 0.250649045119059
103 105 0.451876839974534
104 92 0.251884350491295
104 93 0.365047376100314
104 94 0.495420063923542
104 95 0.495420063923542
104 96 0.495420063923542
104 97 0.256147987231495
104 98 0.495420063923542
104 99 0.318779642894385
104 101 0.495420063923542
104 102 0.348467662364145
104 103 0.250649045119059
104 105 0.495420063923542
105 92 0.378474829776539
105 93 0.547782027667375
105 94 1
105 95 1
105 96 1
105 97 0.396524396527573
105 98 1
105 99 0.429644589812589
105 100 0.355186882817307
105 101 1
105 102 0.39863211111021
105 103 0.451876839974534
105 104 0.495420063923542
106 107 1
106 108 1
106 109 1
106 110 1
106 111 1
106 112 1
107 106 1
107 108 1
107 109 1
107 110 1
107 111 1
107 112 1
108 106 1
108 107 1
108 109 1
108 110 1
108 111 1
108 112 1
109 106 1
109 107 1
109 108 1
109 110 1
109 111 1
109 112 1
110 106 1
110 107 1
110 108 1
110 109 1
110 111 1
110 112 1
111 106 1
111 107 1
111 108 1
111 109 1
111 110 1
111 112 1
112 106 1
112 107 1
112 108 1
112 109 1
112 110 1
112 111 1
113 114 0.50533204277096
113 115 1
114 113 0.50533204277096
114 115 0.50533204277096
115 113 1
115 114 0.50533204277096
116 117 0.556686790935463
116 118 0.399756602630243
116 119 0.556686790935463
116 120 0.556686790935463
117 116 0.556686790935463
117 118 0.526027728874067
117 119 1
117 120 1
117 6256 0.26966476700238
117 6258 0.26966476700238
117 6266 0.26966476700238
117 6267 0.26966476700238
117 6269 0.26966476700238
118 116 0.399756602630243
118 117 0.526027728874067
118 119 0.526027728874067
118 120 0.526027728874067
119 116 0.556686790935463
119 117 1
119 118 0.526027728874067
119 120 1
119 6256 0.26966476700238
119 6258 0.26966476700238
119 6266 0.26966476700238
119 6267 0.26966476700238
119 6269 0.26966476700238
120 116 0.556686790935463
120 117 1
120 118 0.526027728874067
120 119 1
120 6256 0.26966476700238
120 6258 0.26966476700238
120 6266 0.26966476700238
120 6267 0.26966476700238
120 6269 0.26966476700238
121 122 0.517742071640757
121 123 0.523376954941865
121 124 0.412792140721829
121 125 0.494031833412779
121 126 0.388891887130522
121 127 0.557001582759091
121 128 0.531631872439595
121 129 0.492093266776423
121 130 0.325400267088789
121 131 1
121 1750 0.257751077487666
121 1751 0.257751077487666
121 1752 0.257751077487666
121 1753 0.257751077487666
121 1754 0.257751077487666
121 1755 0.257751077487666
121 1756 0.257751077487666
121 1757 0.257751077487666
121 1758 0.257751077487666
121 4647 0.252069414760104
121 4648 0.252069414760104
121 4652 0.252069414760104
121 4653 0.252069414760104
121 4655 0.252069414760104
121 4656 0.252069414760104
121 4657 0.252069414760104
121 5665 0.262588799196811
121 5666 0.262588799196811
121 5667 0.262588799196811
121 5668 0.262588799196811
121 5669 0.262588799196811
121 5670 0.262588799196811
121 5671 0.262588799196811
121 5672 0.262588799196811
121 5673 0.262588799196811
121 5674 0.262588799196811
122 121 0.517742071640757
122 123 0.362577057929993
122 124 0.363569036481198
122 125 0.374118732840561
122 126 0.302444812785595
122 127 0.382903650348333
122 128 0.329126107206797
122 129 0.306852430444583
122 130 0.271884808975902
122 131 0.517742071640757
123 121 0.523376954941865
123 122 0.362577057929993
123 124 0.284579839757187
123 125 0.334708504221185
123 126 0.261503856717846
123 127 0.321890898452561
123 128 0.35038177442106
123 129 0.345298087200958
123 130 0.328403068575906
123 131 0.523376954941865
124 121 0.412792140721829
124 122 0.363569036481198
124 123 0.284579839757187
124 125 0.305613961799175
124 126 0.295954639546391
124 127 0.367587006548095
124 129 0.253890966899112
124 131 0.412792140721829
125 121 0.494031833412779
125 122 0.374118732840561
125 123 0.334708504221185
125 124 0.305613961799175
125 126 0.271284538644612
125 127 0.332836183559089
125 128 0.365345326438919
125 129 0.309515598971319
125 130 0.291073691325826
125 131 0.494031833412779
126 121 0.388891887130522
126 122 0.302444812785595
126 123 0.261503856717846
126 124 0.295954639546391
126 125 0.271284538644612
126 127 0.269179879750726
126 129 0.308198638126181
126 131 0.388891887130522
127 121 0.557001582759091
127 122 0.382903650348333
127 123 0.321890898452561
127 124 0.367587006548095
127 125 0.332836183559089
127 126 0.269179879750726
127 128 0.328593973440017
127 129 0.380362359415213
127 130 0.293030057340063
127 131 0.557001582759091
128 121 0.531631872439595
128 122 0.329126107206797
128 123 0.35038177442106
128 125 0.365345326438919
128 127 0.328593973440017
128 129 0.37176281950905
128 130 0.317885386125108
128 131 0.531631872439595
129 121 0.492093266776423
129 122 0.306852430444583
129 123 0.345298087200958
129 124 0.253890966899112
129 125 0.309515598971319
129 126 0.308198638126181
129 127 0.380362359415213
129 128 0.37176281950905
129 130 0.255084551621592
129 131 0.492093266776423
130 121 0.325400267088789
130 122 0.271884808975902
130 123 0.328403068575906
130 125 0.291073691325826
130 127 0.293030057340063
130 128 0.317885386125108
130 129 0.255084551621592
130 131 0.325400267088789
131 121 1
131 122 0.517742071640757
131 123 0.523376954941865
131 124 0.412792140721829
131 125 0.494031833412779
131 126 0.388891887130522
131 127 0.557001582759091
131 128 0.531631872439595
131 129 0.492093266776423
131 130 0.325400267088789
131 1750 0.257751077487666
131 1751 0.257751077487666
131 1752 0.257751077487666
131 1753 0.257751077487666
131 1754 0.257751077487666
131 1755 0.257751077487666
131 1756 0.257751077487666
131 1757 0.257751077487666
131 1758 0.257751077487666
131 4647 0.252069414760104
131 4648 0.252069414760104
131 4652 0.252069414760104
131 4653 0.252069414760104
131 4655 0.252069414760104
131 4656 0.252069414760104
131 4657 0.252069414760104
131 5665 0.262588799196811
131 5666 0.262588799196811
131 5667 0.262588799196811
131 5668 0.262588799196811
131 5669 0.262588799196811
131 5670 0.262588799196811
131 5671 0.262588799196811
131 5672 0.262588799196811
131 5673 0.262588799196811
131 5674 0.262588799196811
132 133 0.306480964644547
132 134 0.419981461390514
132 135 0.298957801338815
132 136 0.269647477628408
132 137 0.276616271173737
132 138 0.282347648172093
132 139 0.265686089725372
132 140 0.419981461390514
132 141 0.253642735264376
132 142 0.419981461390514
132 143 0.374012929904964
132 144 0.419981461390514
133 132 0.306480964644547
133 134 0.453098006511348
133 135 0.273691551865602
133 137 0.41181517385517
133 138 0.277661718018991
133 139 0.297441800894636
133 140 0.453098006511348
133 141 0.306951916533544
133 142 0.453098006511348
133 143 0.337890578910191
133 144 0.453098006511348
134 132 0.419981461390514
134 133 0.453098006511348
134 135 0.417956360755222
134 136 0.349947185391671
134 137 0.50484215229805
134 138 0.414231022376342
134 139 0.441013753126117
134 140 1
134 141 0.461462873270388
134 142 1
134 143 0.574684572288097
134 144 1
135 132 0.298957801338815
135 133 0.273691551865602
135 134 0.417956360755222
135 137 0.296186227451073
135 139 0.287368032038516
135 140 0.417956360755222
135 142 0.417956360755222
135 143 0.400635726187595
135 144 0.417956360755222
136 132 0.269647477628408
136 134 0.349947185391671
136 140 0.349947185391671
136 142 0.349947185391671
136 143 0.295118193582522
136 144 0.349947185391671
137 132 0.276616271173737
137 133 0.41181517385517
137 134 0.50484215229805
137 135 0.296186227451073
137 138 0.375750793934715
137 139 0.368835998959813
137 140 0.50484215229805
137 141 0.30595528111606
137 142 0.50484215229805
137 143 0.352084887515715
137 144 0.50484215229805
138 132 0.282347648172093
138 133 0.277661718018991
138 134 0.414231022376342
138 137 0.375750793934715
138 139 0.307507042703234
138 140 0.414231022376342
138 141 0.316547080700483
138 142 0.414231022376342
138 143 0.317033609737023
138 144 0.414231022376342
139 132 0.265686089725372
139 133 0.297441800894636
139 134 0.441013753126117
139 135 0.287368032038516
139 137 0.368835998959813
139 138 0.307507042703234
139 140 0.441013753126117
139 141 0.264540483370767
139 142 0.441013753126117
139 143 0.294367494485193
139 144 0.441013753126117
140 132 0.419981461390514
140 133 0.453098006511348
140 134 1
140 135 0.417956360755222
140 136 0.349947185391671
140 137 0.50484215229805
140 138 0.414231022376342
140 139 0.441013753126117
140 141 0.461462873270388
140 142 1
140 143 0.574684572288097
140 144 1
141 132 0.253642735264376
141 133 0.306951916533544
141 134 0.461462873270388
141 137 0.30595528111606
141 138 0.316547080700483
141 139 0.264540483370767
141 140 0.461462873270388
141 142 0.461462873270388
141 143 0.310167182240475
141 144 0.461462873270388
142 132 0.419981461390514
142 133 0.453098006511348
142 134 1
142 135 0.417956360755222
142 136 0.349947185391671
142 137 0.50484215229805
142 138 0.414231022376342
142 139 0.441013753126117
142 140 1
142 141 0.461462873270388
142 143 0.574684572288097
142 144 1
143 132 0.374012929904964
143 133 0.337890578910191
143 134 0.574684572288097
143 135 0.400635726187595
143 136 0.295118193582522
143 137 0.352084887515715
143 138 0.317033609737023
143 139 0.294367494485193
143 140 0.574684572288097
143 141 0.310167182240475
143 142 0.574684572288097
143 144 0.574684572288097
144 132 0.419981461390514
144 133 0.453098006511348
144 134 1
144 135 0.417956360755222
144 136 0.349947185391671
144 137 0.50484215229805
144 138 0.414231022376342
144 139 0.441013753126117
144 140 1
144 141 0.461462873270388
144 142 1
144 143 0.574684572288097
145 146 0.328543700001915
145 147 1
145 148 1
146 145 0.328543700001915
146 147 0.328543700001915
146 148 0.328543700001915
147 145 1
147 146 0.328543700001915
147 148 1
148 145 1
148 146 0.328543700001915
148 147 1
149 150 0.567373518847784
149 151 1
149 152 0.467407422341471
149 153 1
149 154 0.628492114601002
149 155 1
150 149 0.567373518847784
150 151 0.567373518847784
150 152 0.350005483845417
150 153 0.567373518847784
150 154 0.454306521937607
150 155 0.567373518847784
151 149 1
151 150 0.567373518847784
151 152 0.467407422341471
151 153 1
151 154 0.628492114601002
151 155 1
152 149 0.467407422341471
152 150 0.350005483845417
152 151 0.467407422341471
152 153 0.467407422341471
152 154 0.342045646863099
152 155 0.467407422341471
153 149 1
153 150 0.567373518847784
153 151 1
153 152 0.467407422341471
153 154 0.628492114601002
153 155 1
154 149 0.628492114601002
154 150 0.454306521937607
154 151 0.628492114601002
154 152 0.342045646863099
154 153 0.628492114601002
154 155 0.628492114601002
155 149 1
155 150 0.567373518847784
155 151 1
155 152 0.467407422341471
155 153 1
155 154 0.628492114601002
156 157 0.400380768224747
156 158 0.400380768224747
156 159 0.400380768224747
157 156 0.400380768224747
157 158 1
157 159 1
158 156 0.400380768224747
158 157 1
158 159 1
159 156 0.400380768224747
159 157 1
159 158 1
160 161 0.378319510035111
160 162 0.341163300894493
160 163 0.389187258767251
160 165 0.318439746810153
160 166 0.499873997434545
160 3909 0.269764167194979
160 3910 0.269764167194979
160 3912 0.269764167194979
160 3915 0.269764167194979
160 3918 0.269764167194979
160 3919 0.269764167194979
160 3921 0.269764167194979
160 7573 0.30378928491092
160 8653 0.269447163163357
160 8654 0.269447163163357
160 8655 0.259809813596421
160 8660 0.269447163163357
161 160 0.378319510035111
161 162 0.337480832740624
161 163 0.357819966868787
161 165 0.281144779134732
161 166 0.455611439457044
162 160 0.341163300894493
